285 130 >
r 28 11 21 4 m
r 304.502594 152.762787 32.169872 89.534912 *
r 189.386475 -37.804169 77.795189 339.249451 G
R 87.372765 78.487419 78.459686 67.229546 !
r 23.006878 12.898620 36.307781 38.750847 #
r 351.800018 -40.352535 126.536583 34.559341 j
R 44 37 11 14 m
R 2.430024 59.781746 51.110577 70.946983 _
R 28.671186 26.118565 45.747902 29.213341 X
r 24.936447 43.531853 26.784536 53.788292 8
R 69.919418 64.138329 17.811190 27.895473 L
r 53.193062 9.133355 8.184102 50.857422 :
r 9.342105 6.259748 18.578959 1.905842 0
r 5.936212 12.378806 1.055502 10.936828 ;
r 4 25 34 3 s
r 66.077591 53.450115 12.348918 79.844521 "
R 52.538342 78.175987 10.081505 12.421509 .
R 61.975510 348.144318 51.687904 155.159439 3
r 23 12 26 22 !
R 27 39 13 95 -
r 44.699810 31.202702 19.529341 51.663910 4
R 4 50 21 51 |
R 19.042255 27.453060 19.811987 24.434597 e